image_00000 279 219 288 232
image_00001 281 221 291 233
image_00002 281 221 291 236
image_00003 278 216 291 231
image_00004 276 214 294 229
image_00005 280 216 294 231
image_00006 278 215 296 228
image_00007 279 216 299 233
image_00008 278 210 300 240
image_00009 281 213 300 235
image_00010 281 214 299 235
image_00011 277 213 301 238
image_00012 278 209 303 239
image_00013 278 211 302 237
image_00014 278 212 300 240
image_00015 276 207 303 237
image_00016 278 207 306 234
image_00017 275 208 311 236
image_00019 272 204 317 236
image_00020 272 204 318 249
image_00021 273 202 322 245
image_00022 283 205 316 249
image_00023 275 204 318 245
image_00024 276 206 319 243
image_00025 283 199 321 245
image_00026 285 201 320 247
image_00027 283 201 320 246
image_00028 282 199 320 246
image_00029 283 199 316 244
image_00030 285 202 320 247
image_00031 288 200 322 246
image_00032 288 199 318 245
image_00033 290 199 320 248
image_00034 290 200 318 247
image_00035 290 201 318 245
image_00036 290 199 319 245
image_00037 295 205 321 237
image_00038 296 204 326 240
image_00039 298 202 323 232
image_00040 298 205 323 232
image_00041 293 209 325 229
image_00042 298 202 323 232
image_00043 299 203 330 231
image_00044 299 200 329 225
image_00045 300 198 324 222
image_00046 306 199 325 222
image_00047 304 196 329 221
image_00048 308 197 330 221
image_00049 308 198 329 219
image_00050 309 194 330 218
image_00051 310 195 328 219
image_00053 308 195 331 219
image_00054 309 197 328 217
image_00055 309 197 328 215
image_00056 309 198 328 216
image_00057 310 196 326 213
image_00058 310 195 329 215
image_00059 310 196 327 213
image_00060 313 194 329 215
image_00061 311 195 325 212
image_00062 312 193 328 213
image_00063 312 199 324 212
